2012-04-20 192.34 189.98 189.80 193.48  
2012-04-19 192.93 191.10 189.75 194.55  
2012-04-18 188.82 191.07 188.74 193.45  
2012-04-17 187.21 188.39 186.87 190.04  
2012-04-16 189.01 185.50 183.65 189.47  
2012-04-13 189.90 188.46 186.26 189.94  
2012-04-12 188.06 190.69 185.61 192.26  
2012-04-11 189.63 187.97 186.79 191.97  
2012-04-10 192.75 186.98 186.57 193.52  
2012-04-09 192.02 191.87 190.50 194.20  
2012-04-05 193.55 194.39 193.55 196.03  
2012-04-04 196.95 193.99 192.36 197.68  
2012-04-03 198.24 199.66 197.50 202.39  
2012-04-02 198.02 198.05 197.00 199.90  
2012-03-30 205.02 202.51 201.87 206.85  
2012-03-29 201.28 204.61 200.63 205.31  
2012-03-28 206.14 201.16 200.31 207.00  
2012-03-27 203.59 205.44 202.88 209.85  
2012-03-26 196.48 202.87 195.50 202.97  
2012-03-23 192.01 195.04 191.80 196.20  
2012-03-22 190.54 192.40 190.26 194.06  
2012-03-21 192.50 191.73 191.26 194.28  
2012-03-20 184.88 192.33 182.88 194.41  
2012-03-19 183.45 185.52 183.00 186.68  
2012-03-16 183.28 185.05 182.35 185.68  
2012-03-15 182.02 184.43 180.30 184.43  
2012-03-14 183.65 182.26 181.14 184.32  
2012-03-13 183.92 184.59 180.77 184.87  
2012-03-12 184.13 183.39 182.20 185.40  
2012-03-09 186.79 184.32 183.44 187.20  
2012-03-08 184.17 187.64 183.80 188.38  
2012-03-07 182.65 183.77 182.40 185.50  
2012-03-06 178.68 181.09 178.04 183.50  
2012-03-05 179.00 180.26 178.18 181.82  
2012-03-02 179.48 179.30 178.92 181.84  
2012-03-01 179.89 180.04 176.58 180.49  
2012-02-29 183.89 179.69 179.01 184.00  
2012-02-28 178.90 183.80 177.95 184.29  
2012-02-27 177.54 178.53 176.50 179.19  
2012-02-24 179.70 179.13 178.37 180.74  
2012-02-23 179.64 178.89 176.96 180.75  
2012-02-22 181.95 180.58 180.29 182.99  
2012-02-21 182.65 182.26 180.58 184.75  
2012-02-17 180.09 182.50 179.36 183.41  
2012-02-16 177.79 179.93 175.14 181.68  
2012-02-15 191.29 184.47 183.26 191.54  
2012-02-14 191.08 191.30 186.10 193.57  
2012-02-13 187.17 191.59 185.68 192.50  
2012-02-10 183.42 185.54 182.52 187.63  
2012-02-09 184.50 184.98 181.76 185.69  
2012-02-08 184.95 185.48 182.91 186.49  
2012-02-07 182.65 184.19 182.06 184.94  
2012-02-06 186.28 183.14 182.92 186.56  
2012-02-03 182.83 187.68 181.89 187.90  
2012-02-02 179.65 181.72 176.80 181.94  
2012-02-01 173.81 179.46 172.00 179.95  
2012-01-31 194.00 194.44 189.70 195.63  
2012-01-30 193.68 192.15 190.13 195.00  
2012-01-27 193.09 195.37 192.33 196.50  
2012-01-26 189.30 193.32 188.73 194.85  
2012-01-25 186.99 187.80 184.61 188.17  
2012-01-24 185.00 187.00 183.82 188.41  
2012-01-23 190.79 186.09 185.23 191.73  
2012-01-20 190.71 190.93 189.04 192.90  
2012-01-19 190.88 194.45 190.36 195.94  
2012-01-18 181.94 189.44 181.12 190.25  
2012-01-17 180.15 181.66 178.51 183.30  
2012-01-13 175.81 178.42 173.50 178.80  
2012-01-12 179.42 175.93 175.75 179.49  
2012-01-11 179.64 178.90 178.19 180.77  
2012-01-10 181.10 179.34 177.10 182.40  
2012-01-09 182.76 178.56 177.00 184.37  
2012-01-06 178.07 182.61 177.50 184.65  
2012-01-05 175.94 177.61 174.05 178.25  
2012-01-04 179.21 177.51 176.07 180.50  
2012-01-03 175.89 179.03 175.55 179.48  
2011-12-30 173.36 173.10 172.49 175.17  
2011-12-29 169.62 173.86 166.97 174.55  
2011-12-28 176.39 173.89 172.28 176.65  
2011-12-27 177.73 176.27 176.16 178.59  
2011-12-23 179.22 177.28 175.60 179.68  
2011-12-22 175.09 179.03 174.21 179.67  
2011-12-21 181.92 174.35 172.49 183.50  
2011-12-20 182.69 182.52 180.54 183.17  
2011-12-19 182.00 179.33 179.00 183.17  
2011-12-16 182.42 181.26 180.31 184.41  
2011-12-15 182.05 181.26 179.53 184.80  
2011-12-14 179.00 180.21 170.25 180.75  
2011-12-13 188.56 180.51 178.50 189.68  
2011-12-12 190.03 189.52 187.63 191.15  
2011-12-09 191.21 193.03 188.40 193.95  
2011-12-08 193.57 190.48 190.08 195.89  
2011-12-07 191.03 195.32 189.12 196.71  
2011-12-06 195.98 191.99 190.11 198.32  
2011-12-05 198.86 196.24 193.67 199.00  
2011-12-02 197.07 196.03 195.18 199.66  
2011-12-01 191.85 197.13 191.59 198.07  
2011-11-30 194.76 192.29 188.75 195.30  
2011-11-29 194.78 188.39 187.30 195.50  
2011-11-28 191.65 194.15 190.54 194.62  
2011-11-25 190.41 182.40 181.51 190.83  
2011-11-23 193.06 188.99 187.89 194.60  
2011-11-22 186.95 192.34 183.58 194.04  
2011-11-21 193.29 189.25 185.05 193.36  
2011-11-18 205.33 197.14 197.11 205.34  
2011-11-17 212.51 204.52 202.10 212.90  
2011-11-16 216.27 211.99 211.23 216.97  
2011-11-15 218.00 217.83 214.26 220.33  
2011-11-14 215.65 218.93 214.25 222.35  
2011-11-11 212.52 217.39 210.31 217.88  
2011-11-10 213.50 210.79 208.10 214.06  
2011-11-09 214.95 211.22 210.60 215.70  
2011-11-08 219.20 217.99 215.21 219.35  
2011-11-07 216.84 217.00 214.00 220.20  
2011-11-04 217.65 216.48 214.33 218.23  
2011-11-03 216.30 218.29 213.02 218.50  
2011-11-02 215.55 215.62 212.72 216.79  
2011-11-01 208.11 212.10 207.43 216.21  
2011-10-31 215.79 213.51 213.04 218.89  
2011-10-28 206.53 217.32 205.75 218.40  
2011-10-27 204.26 206.78 201.10 208.60  
2011-10-26 203.69 198.40 196.51 207.58 